855
392
558
949
810
800
680
170
185
56
846
27
706
159
284
70
933
757
245
352
683
227
910
492
956
984
665
618
941
62
748
744
488
807
211
892
221
440
678
161
498
293
542
34
408
512
630
662
347
567
954
533
350
329
996
200
249
742
160
90
404
94
861
988
983
547
999
703
727
783
198
444
713
801
378
688
47
802
130
798
135
500
262
482
167
68
546
510
913
281
441
367
296
966
878
154
645
174
434
145
806
265
687
597
66
525
319
738
826
572
602
463
183
549
422
377
487
202
381
811
301
754
31
611
873
569
571
693
808
803
1
21
452
100
868
852
146
729
796
43
541
466
536
95
328
617
388
61
642
442
960
387
275
731
203
233
775
659
405
609
417
210
860
506
248
874
216
902
113
574
396
497
412
692
162
51
535
626
288
953
679
753
423
476
511
368
780
71
460
84
539
505
209
191
499
689
54
613
944
240
333
973
903
741
589
989
623
276
939
815
393
886
972
373
97
548
126
413
997
929
429
166
86
260
654
936
179
817
981
563
199
155
962
485
125
335
593
856
681
115
424
576
880
526
891
9
726
765
313
695
165
148
773
340
857
354
156
573
205
694
584
555
194
117
336
924
905
728
361
85
710
714
182
537
177
995
985
129
877
771
141
610
805
57
721
253
32
789
965
342
42
514
529
448
545
723
20
918
78
35
469
867
951
591
486
656
229
353
268
402
234
761
302
201
271
16
82
351
239
470
184
677
735
18
255
740
1000
707
138
8
106
214
621
518
489
587
904
870
841
859
667
812
323
190
251
131
437
331
601
108
759
187
195
289
869
930
390
770
310
357
725
235
769
366
879
376
915
749
401
991
224
96
50
250
379
648
977
317
41
942
919
907
554
178
784
338
625
7
325
763
651
885
436
481
504
813
398
921
958
445
700
480
520
128
562
888
363
673
163
458
652
615
53
356
843
370
544
236
189
180
762
416
816
241
140
359
543
863
633
509
825
105
581
758
745
530
406
739
577
58
858
834
866
871
747
139
622
123
144
196
658
836
821
435
974
715
104
882
80
107
702
306
89
330
986
93
55
792
600
121
457
158
627
237
267
809
663
814
315
186
932
875
568
970
705
450
717
247
176
257
122
81
590
372
768
848
252
79
718
684
722
595
63
639
432
459
455
938
169
389
799
484
175
339
13
507
862
837
605
304
25
77
945
181
147
899
696
928
959
261
616
438
399
751
501
835
779
364
671
136
556
911
219
127
767
968
327
795
26
819
778
608
631
220
588
451
975
674
666
637
603
371
431
559
303
838
36
672
743
712
38
4
403
243
124
114
446
900
897
478
22
686
575
493
324
297
415
164
213
454
92
513
225
65
737
19
73
528
881
344
898
560
294
59
935
39
291
479
580
447
341
532
561
998
212
839
599
305
394
232
566
443
238
318
37
456
697
719
215
343
503
285
638
75
524
49
764
906
29
150
829
804
950
171
552
462
495
449
290
118
5
946
531
360
927
120
483
827
193
157
682
943
926
272
375
756
300
337
647
980
790
278
345
426
971
99
669
551
925
896
708
102
955
698
594
620
491
894
0
283
655
137
274
760
519
287
217
612
11
502
640
865
206
570
461
298
824
832
358
720
374
24
496
230
788
143
292
822
228
439
173
940
312
409
895
976
660
320
521
653
223
134
917
397
619
299
785
993
887
309
17
661
30
670
464
119
624
226
48
172
676
242
103
151
314
716
644
44
307
88
269
777
787
709
629
931
52
961
964
851
893
494
987
793
60
508
923
650
854
311
188
142
453
583
750
732
699
635
842
646
786
334
534
734
218
516
395
579
586
254
994
736
909
916
87
46
864
91
40
72
259
604
781
912
598
321
279
101
701
844
332
369
153
419
15
244
668
69
76
208
473
657
391
246
425
797
636
116
614
14
385
149
471
365
2
948
6
889
840
850
664
346
382
901
168
133
849
564
908
23
752
355
820
10
606
308
553
920
475
596
794
273
67
474
420
421
979
74
428
992
522
704
922
111
724
348
316
322
45
410
28
295
517
845
766
326
400
772
110
515
823
634
384
883
963
746
947
411
853
467
791
477
270
641
733
386
833
258
957
418
711
383
152
774
691
12
632
690
207
540
952
969
192
197
33
847
286
890
818
109
685
64
675
277
132
222
776
98
607
538
557
282
592
872
578
349
231
380
585
582
978
643
527
884
782
112
990
523
472
468
490
430
914
362
730
937
628
565
465
83
649
280
256
263
433
828
266
830
414
427
831
204
755
550
934
982
876
967
264
407
